# vtk DataFile Version 2.0
u_velocity_data
ASCII
DATASET STRUCTURED_POINT
DIMENSIONS           25          24
ORIGIN   0.0000000D+00   0.2000000000000000D-01
SPACING    0.4000000000000000D-01   0.4000000000000000D-01
     0.0000E+00
    -0.1644E+01
    -0.3598E+01
    -0.5934E+01
    -0.8606E+01
    -0.1150E+02
    -0.1452E+02
    -0.1758E+02
    -0.2064E+02
    -0.2369E+02
    -0.2672E+02
    -0.2972E+02
    -0.3271E+02
    -0.3567E+02
    -0.3861E+02
    -0.4150E+02
    -0.4422E+02
    -0.4646E+02
    -0.4755E+02
    -0.4652E+02
    -0.4247E+02
    -0.3506E+02
    -0.2482E+02
    -0.1284E+02
    -0.1284E+02
     0.0000E+00
    -0.1714E+01
    -0.3700E+01
    -0.6070E+01
    -0.8764E+01
    -0.1168E+02
    -0.1471E+02
    -0.1779E+02
    -0.2089E+02
    -0.2397E+02
    -0.2704E+02
    -0.3009E+02
    -0.3312E+02
    -0.3613E+02
    -0.3912E+02
    -0.4205E+02
    -0.4482E+02
    -0.4710E+02
    -0.4821E+02
    -0.4719E+02
    -0.4309E+02
    -0.3558E+02
    -0.2520E+02
    -0.1303E+02
    -0.1303E+02
     0.0000E+00
    -0.1733E+01
    -0.3755E+01
    -0.6146E+01
    -0.8852E+01
    -0.1177E+02
    -0.1480E+02
    -0.1787E+02
    -0.2096E+02
    -0.2403E+02
    -0.2709E+02
    -0.3013E+02
    -0.3315E+02
    -0.3615E+02
    -0.3913E+02
    -0.4206E+02
    -0.4482E+02
    -0.4709E+02
    -0.4821E+02
    -0.4720E+02
    -0.4311E+02
    -0.3560E+02
    -0.2521E+02
    -0.1303E+02
    -0.1303E+02
     0.0000E+00
    -0.1753E+01
    -0.3808E+01
    -0.6224E+01
    -0.8947E+01
    -0.1187E+02
    -0.1491E+02
    -0.1798E+02
    -0.2106E+02
    -0.2412E+02
    -0.2717E+02
    -0.3020E+02
    -0.3321E+02
    -0.3620E+02
    -0.3916E+02
    -0.4208E+02
    -0.4483E+02
    -0.4710E+02
    -0.4823E+02
    -0.4723E+02
    -0.4315E+02
    -0.3565E+02
    -0.2524E+02
    -0.1304E+02
    -0.1304E+02
     0.0000E+00
    -0.1770E+01
    -0.3854E+01
    -0.6294E+01
    -0.9036E+01
    -0.1198E+02
    -0.1502E+02
    -0.1809E+02
    -0.2117E+02
    -0.2423E+02
    -0.2727E+02
    -0.3029E+02
    -0.3328E+02
    -0.3626E+02
    -0.3921E+02
    -0.4212E+02
    -0.4486E+02
    -0.4712E+02
    -0.4826E+02
    -0.4728E+02
    -0.4322E+02
    -0.3572E+02
    -0.2529E+02
    -0.1307E+02
    -0.1307E+02
     0.0000E+00
    -0.1783E+01
    -0.3892E+01
    -0.6355E+01
    -0.9115E+01
    -0.1207E+02
    -0.1512E+02
    -0.1820E+02
    -0.2127E+02
    -0.2433E+02
    -0.2737E+02
    -0.3038E+02
    -0.3337E+02
    -0.3633E+02
    -0.3927E+02
    -0.4216E+02
    -0.4489E+02
    -0.4716E+02
    -0.4830E+02
    -0.4735E+02
    -0.4331E+02
    -0.3581E+02
    -0.2536E+02
    -0.1311E+02
    -0.1311E+02
     0.0000E+00
    -0.1793E+01
    -0.3925E+01
    -0.6408E+01
    -0.9186E+01
    -0.1215E+02
    -0.1521E+02
    -0.1830E+02
    -0.2137E+02
    -0.2443E+02
    -0.2746E+02
    -0.3047E+02
    -0.3345E+02
    -0.3641E+02
    -0.3934E+02
    -0.4221E+02
    -0.4494E+02
    -0.4720E+02
    -0.4836E+02
    -0.4743E+02
    -0.4342E+02
    -0.3592E+02
    -0.2545E+02
    -0.1316E+02
    -0.1316E+02
     0.0000E+00
    -0.1799E+01
    -0.3952E+01
    -0.6456E+01
    -0.9249E+01
    -0.1223E+02
    -0.1529E+02
    -0.1838E+02
    -0.2146E+02
    -0.2452E+02
    -0.2755E+02
    -0.3056E+02
    -0.3353E+02
    -0.3648E+02
    -0.3940E+02
    -0.4227E+02
    -0.4498E+02
    -0.4725E+02
    -0.4843E+02
    -0.4753E+02
    -0.4355E+02
    -0.3606E+02
    -0.2555E+02
    -0.1321E+02
    -0.1321E+02
     0.0000E+00
    -0.1802E+01
    -0.3976E+01
    -0.6498E+01
    -0.9307E+01
    -0.1230E+02
    -0.1537E+02
    -0.1846E+02
    -0.2155E+02
    -0.2460E+02
    -0.2763E+02
    -0.3063E+02
    -0.3360E+02
    -0.3654E+02
    -0.3945E+02
    -0.4231E+02
    -0.4503E+02
    -0.4730E+02
    -0.4850E+02
    -0.4764E+02
    -0.4370E+02
    -0.3621E+02
    -0.2567E+02
    -0.1328E+02
    -0.1328E+02
     0.0000E+00
    -0.1802E+01
    -0.3996E+01
    -0.6536E+01
    -0.9360E+01
    -0.1236E+02
    -0.1544E+02
    -0.1854E+02
    -0.2162E+02
    -0.2468E+02
    -0.2770E+02
    -0.3070E+02
    -0.3366E+02
    -0.3659E+02
    -0.3950E+02
    -0.4235E+02
    -0.4506E+02
    -0.4735E+02
    -0.4858E+02
    -0.4776E+02
    -0.4386E+02
    -0.3638E+02
    -0.2581E+02
    -0.1335E+02
    -0.1335E+02
     0.0000E+00
    -0.1800E+01
    -0.4013E+01
    -0.6572E+01
    -0.9410E+01
    -0.1242E+02
    -0.1551E+02
    -0.1860E+02
    -0.2169E+02
    -0.2474E+02
    -0.2776E+02
    -0.3075E+02
    -0.3370E+02
    -0.3663E+02
    -0.3953E+02
    -0.4238E+02
    -0.4509E+02
    -0.4739E+02
    -0.4865E+02
    -0.4789E+02
    -0.4403E+02
    -0.3656E+02
    -0.2596E+02
    -0.1344E+02
    -0.1344E+02
     0.0000E+00
    -0.1796E+01
    -0.4028E+01
    -0.6604E+01
    -0.9456E+01
    -0.1248E+02
    -0.1557E+02
    -0.1866E+02
    -0.2174E+02
    -0.2479E+02
    -0.2780E+02
    -0.3078E+02
    -0.3373E+02
    -0.3665E+02
    -0.3955E+02
    -0.4239E+02
    -0.4511E+02
    -0.4742E+02
    -0.4873E+02
    -0.4803E+02
    -0.4422E+02
    -0.3677E+02
    -0.2613E+02
    -0.1353E+02
    -0.1353E+02
     0.0000E+00
    -0.1790E+01
    -0.4041E+01
    -0.6634E+01
    -0.9500E+01
    -0.1253E+02
    -0.1562E+02
    -0.1872E+02
    -0.2179E+02
    -0.2483E+02
    -0.2783E+02
    -0.3080E+02
    -0.3374E+02
    -0.3665E+02
    -0.3954E+02
    -0.4238E+02
    -0.4510E+02
    -0.4744E+02
    -0.4880E+02
    -0.4817E+02
    -0.4443E+02
    -0.3700E+02
    -0.2631E+02
    -0.1363E+02
    -0.1363E+02
     0.0000E+00
    -0.1782E+01
    -0.4052E+01
    -0.6664E+01
    -0.9542E+01
    -0.1258E+02
    -0.1567E+02
    -0.1876E+02
    -0.2182E+02
    -0.2485E+02
    -0.2784E+02
    -0.3080E+02
    -0.3372E+02
    -0.3663E+02
    -0.3950E+02
    -0.4235E+02
    -0.4508E+02
    -0.4744E+02
    -0.4886E+02
    -0.4831E+02
    -0.4465E+02
    -0.3725E+02
    -0.2652E+02
    -0.1375E+02
    -0.1375E+02
     0.0000E+00
    -0.1774E+01
    -0.4063E+01
    -0.6693E+01
    -0.9585E+01
    -0.1262E+02
    -0.1572E+02
    -0.1880E+02
    -0.2185E+02
    -0.2486E+02
    -0.2783E+02
    -0.3077E+02
    -0.3368E+02
    -0.3656E+02
    -0.3943E+02
    -0.4228E+02
    -0.4502E+02
    -0.4742E+02
    -0.4890E+02
    -0.4846E+02
    -0.4490E+02
    -0.3754E+02
    -0.2676E+02
    -0.1389E+02
    -0.1389E+02
     0.0000E+00
    -0.1766E+01
    -0.4076E+01
    -0.6726E+01
    -0.9630E+01
    -0.1267E+02
    -0.1576E+02
    -0.1883E+02
    -0.2186E+02
    -0.2484E+02
    -0.2779E+02
    -0.3070E+02
    -0.3359E+02
    -0.3646E+02
    -0.3932E+02
    -0.4216E+02
    -0.4491E+02
    -0.4736E+02
    -0.4893E+02
    -0.4861E+02
    -0.4517E+02
    -0.3787E+02
    -0.2704E+02
    -0.1405E+02
    -0.1405E+02
     0.0000E+00
    -0.1761E+01
    -0.4096E+01
    -0.6766E+01
    -0.9682E+01
    -0.1273E+02
    -0.1580E+02
    -0.1885E+02
    -0.2185E+02
    -0.2481E+02
    -0.2772E+02
    -0.3060E+02
    -0.3346E+02
    -0.3631E+02
    -0.3915E+02
    -0.4199E+02
    -0.4476E+02
    -0.4725E+02
    -0.4892E+02
    -0.4876E+02
    -0.4548E+02
    -0.3825E+02
    -0.2738E+02
    -0.1424E+02
    -0.1424E+02
     0.0000E+00
    -0.1764E+01
    -0.4128E+01
    -0.6823E+01
    -0.9749E+01
    -0.1279E+02
    -0.1584E+02
    -0.1886E+02
    -0.2183E+02
    -0.2475E+02
    -0.2762E+02
    -0.3046E+02
    -0.3328E+02
    -0.3610E+02
    -0.3892E+02
    -0.4174E+02
    -0.4453E+02
    -0.4708E+02
    -0.4887E+02
    -0.4890E+02
    -0.4583E+02
    -0.3872E+02
    -0.2781E+02
    -0.1449E+02
    -0.1449E+02
     0.0000E+00
    -0.1783E+01
    -0.4186E+01
    -0.6908E+01
    -0.9843E+01
    -0.1287E+02
    -0.1590E+02
    -0.1888E+02
    -0.2179E+02
    -0.2465E+02
    -0.2747E+02
    -0.3026E+02
    -0.3303E+02
    -0.3581E+02
    -0.3860E+02
    -0.4141E+02
    -0.4421E+02
    -0.4681E+02
    -0.4875E+02
    -0.4902E+02
    -0.4623E+02
    -0.3931E+02
    -0.2836E+02
    -0.1483E+02
    -0.1483E+02
     0.0000E+00
    -0.1835E+01
    -0.4292E+01
    -0.7045E+01
    -0.9983E+01
    -0.1299E+02
    -0.1597E+02
    -0.1889E+02
    -0.2174E+02
    -0.2453E+02
    -0.2727E+02
    -0.2999E+02
    -0.3271E+02
    -0.3543E+02
    -0.3818E+02
    -0.4096E+02
    -0.4376E+02
    -0.4643E+02
    -0.4852E+02
    -0.4909E+02
    -0.4670E+02
    -0.4007E+02
    -0.2914E+02
    -0.1533E+02
    -0.1533E+02
     0.0000E+00
    -0.1954E+01
    -0.4489E+01
    -0.7275E+01
    -0.1020E+02
    -0.1316E+02
    -0.1607E+02
    -0.1890E+02
    -0.2166E+02
    -0.2436E+02
    -0.2702E+02
    -0.2966E+02
    -0.3229E+02
    -0.3495E+02
    -0.3764E+02
    -0.4038E+02
    -0.4316E+02
    -0.4587E+02
    -0.4813E+02
    -0.4907E+02
    -0.4722E+02
    -0.4110E+02
    -0.3030E+02
    -0.1613E+02
    -0.1613E+02
     0.0000E+00
    -0.2222E+01
    -0.4869E+01
    -0.7671E+01
    -0.1055E+02
    -0.1341E+02
    -0.1621E+02
    -0.1893E+02
    -0.2157E+02
    -0.2415E+02
    -0.2670E+02
    -0.2924E+02
    -0.3178E+02
    -0.3434E+02
    -0.3695E+02
    -0.3962E+02
    -0.4235E+02
    -0.4506E+02
    -0.4747E+02
    -0.4883E+02
    -0.4773E+02
    -0.4248E+02
    -0.3215E+02
    -0.1761E+02
    -0.1761E+02
     0.0000E+00
    -0.2848E+01
    -0.5639E+01
    -0.8381E+01
    -0.1112E+02
    -0.1381E+02
    -0.1643E+02
    -0.1897E+02
    -0.2146E+02
    -0.2389E+02
    -0.2631E+02
    -0.2871E+02
    -0.3112E+02
    -0.3356E+02
    -0.3603E+02
    -0.3858E+02
    -0.4119E+02
    -0.4384E+02
    -0.4633E+02
    -0.4810E+02
    -0.4797E+02
    -0.4421E+02
    -0.3522E+02
    -0.2067E+02
    -0.2067E+02
     0.0000E+00
    -0.4148E+01
    -0.7053E+01
    -0.9553E+01
    -0.1199E+02
    -0.1437E+02
    -0.1671E+02
    -0.1900E+02
    -0.2125E+02
    -0.2348E+02
    -0.2569E+02
    -0.2790E+02
    -0.3013E+02
    -0.3237E+02
    -0.3466E+02
    -0.3700E+02
    -0.3941E+02
    -0.4189E+02
    -0.4434E+02
    -0.4640E+02
    -0.4725E+02
    -0.4539E+02
    -0.3880E+02
    -0.2537E+02
    -0.2537E+02

