# vtk DataFile Version 2.0
v_velocity_data
ASCII
DATASET STRUCTURED_POINT
DIMENSIONS           39          40
ORIGIN    0.1250000018626451D-01  0.0000000D+00
SPACING    0.2500000037252903D-01   0.2500000037252903D-01
     0.0000E+00
     0.0000E+00
     0.0000E+00
     0.0000E+00
     0.0000E+00
     0.0000E+00
     0.0000E+00
     0.0000E+00
     0.0000E+00
     0.0000E+00
     0.0000E+00
     0.0000E+00
     0.0000E+00
     0.0000E+00
     0.0000E+00
     0.0000E+00
     0.0000E+00
     0.0000E+00
     0.0000E+00
     0.0000E+00
     0.0000E+00
     0.0000E+00
     0.0000E+00
     0.0000E+00
     0.0000E+00
     0.0000E+00
     0.0000E+00
     0.0000E+00
     0.0000E+00
     0.0000E+00
     0.0000E+00
     0.0000E+00
     0.0000E+00
     0.0000E+00
     0.0000E+00
     0.0000E+00
     0.0000E+00
     0.0000E+00
     0.0000E+00
     0.2909E-02
     0.2329E-02
     0.2347E-02
     0.2317E-02
     0.2268E-02
     0.2206E-02
     0.2136E-02
     0.2057E-02
     0.1971E-02
     0.1877E-02
     0.1775E-02
     0.1664E-02
     0.1543E-02
     0.1411E-02
     0.1268E-02
     0.1114E-02
     0.9475E-03
     0.7698E-03
     0.5809E-03
     0.3812E-03
     0.1718E-03
    -0.4641E-04
    -0.2720E-03
    -0.5034E-03
    -0.7389E-03
    -0.9765E-03
    -0.1214E-02
    -0.1450E-02
    -0.1681E-02
    -0.1906E-02
    -0.2121E-02
    -0.2325E-02
    -0.2514E-02
    -0.2684E-02
    -0.2833E-02
    -0.2956E-02
    -0.3044E-02
    -0.3073E-02
    -0.3705E-02
     0.3389E-02
     0.2097E-02
     0.2195E-02
     0.2197E-02
     0.2161E-02
     0.2108E-02
     0.2046E-02
     0.1979E-02
     0.1909E-02
     0.1834E-02
     0.1753E-02
     0.1667E-02
     0.1571E-02
     0.1466E-02
     0.1349E-02
     0.1218E-02
     0.1075E-02
     0.9160E-03
     0.7427E-03
     0.5547E-03
     0.3523E-03
     0.1365E-03
    -0.9168E-04
    -0.3306E-03
    -0.5786E-03
    -0.8336E-03
    -0.1093E-02
    -0.1355E-02
    -0.1617E-02
    -0.1875E-02
    -0.2126E-02
    -0.2368E-02
    -0.2595E-02
    -0.2802E-02
    -0.2981E-02
    -0.3123E-02
    -0.3201E-02
    -0.3159E-02
    -0.4585E-02
     0.3592E-02
     0.2013E-02
     0.2078E-02
     0.2081E-02
     0.2051E-02
     0.2006E-02
     0.1953E-02
     0.1899E-02
     0.1843E-02
     0.1786E-02
     0.1727E-02
     0.1663E-02
     0.1591E-02
     0.1510E-02
     0.1416E-02
     0.1309E-02
     0.1185E-02
     0.1045E-02
     0.8860E-03
     0.7089E-03
     0.5136E-03
     0.3006E-03
     0.7094E-04
    -0.1740E-03
    -0.4324E-03
    -0.7020E-03
    -0.9804E-03
    -0.1265E-02
    -0.1552E-02
    -0.1839E-02
    -0.2121E-02
    -0.2394E-02
    -0.2653E-02
    -0.2891E-02
    -0.3098E-02
    -0.3262E-02
    -0.3360E-02
    -0.3365E-02
    -0.5138E-02
     0.3645E-02
     0.1952E-02
     0.1979E-02
     0.1970E-02
     0.1940E-02
     0.1899E-02
     0.1855E-02
     0.1812E-02
     0.1771E-02
     0.1731E-02
     0.1691E-02
     0.1648E-02
     0.1599E-02
     0.1540E-02
     0.1469E-02
     0.1382E-02
     0.1278E-02
     0.1154E-02
     0.1009E-02
     0.8433E-03
     0.6556E-03
     0.4464E-03
     0.2168E-03
    -0.3204E-04
    -0.2981E-03
    -0.5791E-03
    -0.8724E-03
    -0.1175E-02
    -0.1483E-02
    -0.1793E-02
    -0.2101E-02
    -0.2401E-02
    -0.2687E-02
    -0.2951E-02
    -0.3184E-02
    -0.3373E-02
    -0.3503E-02
    -0.3559E-02
    -0.5495E-02
     0.3613E-02
     0.1876E-02
     0.1877E-02
     0.1856E-02
     0.1823E-02
     0.1785E-02
     0.1748E-02
     0.1716E-02
     0.1689E-02
     0.1666E-02
     0.1645E-02
     0.1622E-02
     0.1594E-02
     0.1556E-02
     0.1505E-02
     0.1438E-02
     0.1352E-02
     0.1245E-02
     0.1115E-02
     0.9601E-03
     0.7807E-03
     0.5767E-03
     0.3488E-03
     0.9839E-04
    -0.1726E-03
    -0.4619E-03
    -0.7664E-03
    -0.1083E-02
    -0.1408E-02
    -0.1736E-02
    -0.2064E-02
    -0.2386E-02
    -0.2694E-02
    -0.2981E-02
    -0.3237E-02
    -0.3451E-02
    -0.3611E-02
    -0.3704E-02
    -0.5729E-02
     0.3527E-02
     0.1776E-02
     0.1761E-02
     0.1731E-02
     0.1695E-02
     0.1660E-02
     0.1631E-02
     0.1610E-02
     0.1597E-02
     0.1590E-02
     0.1587E-02
     0.1583E-02
     0.1575E-02
     0.1557E-02
     0.1527E-02
     0.1479E-02
     0.1412E-02
     0.1321E-02
     0.1205E-02
     0.1062E-02
     0.8918E-03
     0.6943E-03
     0.4700E-03
     0.2202E-03
    -0.5310E-04
    -0.3474E-03
    -0.6598E-03
    -0.9866E-03
    -0.1324E-02
    -0.1667E-02
    -0.2011E-02
    -0.2349E-02
    -0.2676E-02
    -0.2982E-02
    -0.3259E-02
    -0.3495E-02
    -0.3678E-02
    -0.3797E-02
    -0.5876E-02
     0.3401E-02
     0.1650E-02
     0.1626E-02
     0.1591E-02
     0.1554E-02
     0.1522E-02
     0.1501E-02
     0.1490E-02
     0.1491E-02
     0.1501E-02
     0.1515E-02
     0.1531E-02
     0.1542E-02
     0.1545E-02
     0.1534E-02
     0.1506E-02
     0.1456E-02
     0.1382E-02
     0.1281E-02
     0.1151E-02
     0.9913E-03
     0.8018E-03
     0.5829E-03
     0.3360E-03
     0.6301E-04
    -0.2335E-03
    -0.5504E-03
    -0.8840E-03
    -0.1230E-02
    -0.1584E-02
    -0.1939E-02
    -0.2291E-02
    -0.2632E-02
    -0.2954E-02
    -0.3248E-02
    -0.3501E-02
    -0.3703E-02
    -0.3841E-02
    -0.5953E-02
     0.3240E-02
     0.1499E-02
     0.1470E-02
     0.1432E-02
     0.1396E-02
     0.1369E-02
     0.1355E-02
     0.1357E-02
     0.1371E-02
     0.1397E-02
     0.1430E-02
     0.1464E-02
     0.1496E-02
     0.1519E-02
     0.1528E-02
     0.1519E-02
     0.1488E-02
     0.1431E-02
     0.1345E-02
     0.1229E-02
     0.1081E-02
     0.9013E-03
     0.6898E-03
     0.4480E-03
     0.1778E-03
    -0.1181E-03
    -0.4365E-03
    -0.7735E-03
    -0.1125E-02
    -0.1485E-02
    -0.1849E-02
    -0.2211E-02
    -0.2563E-02
    -0.2897E-02
    -0.3204E-02
    -0.3472E-02
    -0.3688E-02
    -0.3839E-02
    -0.5971E-02
     0.3048E-02
     0.1324E-02
     0.1291E-02
     0.1252E-02
     0.1219E-02
     0.1198E-02
     0.1193E-02
     0.1207E-02
     0.1236E-02
     0.1279E-02
     0.1330E-02
     0.1384E-02
     0.1435E-02
     0.1478E-02
     0.1508E-02
     0.1519E-02
     0.1507E-02
     0.1467E-02
     0.1399E-02
     0.1298E-02
     0.1163E-02
     0.9946E-03
     0.7926E-03
     0.5581E-03
     0.2933E-03
     0.6744E-06
    -0.3163E-03
    -0.6537E-03
    -0.1007E-02
    -0.1371E-02
    -0.1740E-02
    -0.2108E-02
    -0.2468E-02
    -0.2811E-02
    -0.3127E-02
    -0.3406E-02
    -0.3633E-02
    -0.3795E-02
    -0.5935E-02
     0.2825E-02
     0.1125E-02
     0.1090E-02
     0.1051E-02
     0.1021E-02
     0.1007E-02
     0.1013E-02
     0.1039E-02
     0.1084E-02
     0.1144E-02
     0.1214E-02
     0.1288E-02
     0.1360E-02
     0.1424E-02
     0.1474E-02
     0.1506E-02
     0.1514E-02
     0.1494E-02
     0.1443E-02
     0.1358E-02
     0.1238E-02
     0.1083E-02
     0.8928E-03
     0.6680E-03
     0.4109E-03
     0.1243E-03
    -0.1884E-03
    -0.5232E-03
    -0.8754E-03
    -0.1240E-02
    -0.1611E-02
    -0.1982E-02
    -0.2346E-02
    -0.2695E-02
    -0.3019E-02
    -0.3305E-02
    -0.3541E-02
    -0.3712E-02
    -0.5850E-02
     0.2570E-02
     0.9007E-03
     0.8639E-03
     0.8268E-03
     0.8014E-03
     0.7954E-03
     0.8123E-03
     0.8525E-03
     0.9137E-03
     0.9917E-03
     0.1081E-02
     0.1176E-02
     0.1269E-02
     0.1355E-02
     0.1428E-02
     0.1481E-02
     0.1509E-02
     0.1510E-02
     0.1478E-02
     0.1411E-02
     0.1309E-02
     0.1169E-02
     0.9918E-03
     0.7790E-03
     0.5322E-03
     0.2542E-03
    -0.5145E-04
    -0.3807E-03
    -0.7290E-03
    -0.1091E-02
    -0.1461E-02
    -0.1832E-02
    -0.2198E-02
    -0.2550E-02
    -0.2878E-02
    -0.3170E-02
    -0.3413E-02
    -0.3590E-02
    -0.5717E-02
     0.2284E-02
     0.6513E-03
     0.6133E-03
     0.5783E-03
     0.5585E-03
     0.5615E-03
     0.5905E-03
     0.6456E-03
     0.7240E-03
     0.8211E-03
     0.9310E-03
     0.1047E-02
     0.1163E-02
     0.1272E-02
     0.1367E-02
     0.1443E-02
     0.1494E-02
     0.1516E-02
     0.1505E-02
     0.1459E-02
     0.1374E-02
     0.1252E-02
     0.1091E-02
     0.8923E-03
     0.6584E-03
     0.3917E-03
     0.9576E-04
    -0.2253E-03
    -0.5666E-03
    -0.9231E-03
    -0.1289E-02
    -0.1658E-02
    -0.2022E-02
    -0.2374E-02
    -0.2704E-02
    -0.3000E-02
    -0.3248E-02
    -0.3431E-02
    -0.5538E-02
     0.1965E-02
     0.3757E-03
     0.3367E-03
     0.3044E-03
     0.2911E-03
     0.3040E-03
     0.3462E-03
     0.4172E-03
     0.5138E-03
     0.6311E-03
     0.7626E-03
     0.9015E-03
     0.1041E-02
     0.1173E-02
     0.1293E-02
     0.1393E-02
     0.1468E-02
     0.1513E-02
     0.1525E-02
     0.1500E-02
     0.1437E-02
     0.1334E-02
     0.1191E-02
     0.1009E-02
     0.7906E-03
     0.5378E-03
     0.2544E-03
    -0.5560E-04
    -0.3873E-03
    -0.7355E-03
    -0.1094E-02
    -0.1458E-02
    -0.1819E-02
    -0.2169E-02
    -0.2498E-02
    -0.2795E-02
    -0.3047E-02
    -0.3235E-02
    -0.5313E-02
     0.1611E-02
     0.7263E-04
     0.3302E-04
     0.3979E-05
    -0.2192E-05
     0.2160E-04
     0.7799E-04
     0.1660E-03
     0.2820E-03
     0.4205E-03
     0.5748E-03
     0.7376E-03
     0.9016E-03
     0.1059E-02
     0.1204E-02
     0.1330E-02
     0.1430E-02
     0.1501E-02
     0.1537E-02
     0.1536E-02
     0.1496E-02
     0.1415E-02
     0.1293E-02
     0.1130E-02
     0.9298E-03
     0.6937E-03
     0.4254E-03
     0.1293E-03
    -0.1899E-03
    -0.5270E-03
    -0.8764E-03
    -0.1232E-02
    -0.1586E-02
    -0.1931E-02
    -0.2259E-02
    -0.2556E-02
    -0.2809E-02
    -0.3002E-02
    -0.5042E-02
     0.1221E-02
    -0.2591E-03
    -0.2991E-03
    -0.3244E-03
    -0.3226E-03
    -0.2870E-03
    -0.2154E-03
    -0.1092E-03
     0.2736E-04
     0.1883E-03
     0.3665E-03
     0.5545E-03
     0.7445E-03
     0.9291E-03
     0.1101E-02
     0.1254E-02
     0.1382E-02
     0.1480E-02
     0.1543E-02
     0.1568E-02
     0.1553E-02
     0.1496E-02
     0.1397E-02
     0.1257E-02
     0.1077E-02
     0.8602E-03
     0.6101E-03
     0.3307E-03
     0.2671E-04
    -0.2966E-03
    -0.6335E-03
    -0.9781E-03
    -0.1324E-02
    -0.1662E-02
    -0.1985E-02
    -0.2280E-02
    -0.2534E-02
    -0.2731E-02
    -0.4724E-02
     0.7942E-03
    -0.6208E-03
    -0.6612E-03
    -0.6822E-03
    -0.6717E-03
    -0.6233E-03
    -0.5353E-03
    -0.4098E-03
    -0.2515E-03
    -0.6685E-04
     0.1367E-03
     0.3512E-03
     0.5688E-03
     0.7818E-03
     0.9827E-03
     0.1165E-02
     0.1322E-02
     0.1449E-02
     0.1541E-02
     0.1594E-02
     0.1607E-02
     0.1577E-02
     0.1504E-02
     0.1389E-02
     0.1233E-02
     0.1038E-02
     0.8093E-03
     0.5495E-03
     0.2637E-03
    -0.4291E-04
    -0.3648E-03
    -0.6960E-03
    -0.1030E-02
    -0.1360E-02
    -0.1676E-02
    -0.1968E-02
    -0.2221E-02
    -0.2420E-02
    -0.4357E-02
     0.3273E-03
    -0.1014E-02
    -0.1055E-02
    -0.1071E-02
    -0.1051E-02
    -0.9887E-03
    -0.8832E-03
    -0.7372E-03
    -0.5559E-03
    -0.3462E-03
    -0.1160E-03
     0.1266E-03
     0.3734E-03
     0.6163E-03
     0.8479E-03
     0.1061E-02
     0.1250E-02
     0.1408E-02
     0.1532E-02
     0.1616E-02
     0.1660E-02
     0.1659E-02
     0.1615E-02
     0.1528E-02
     0.1398E-02
     0.1229E-02
     0.1024E-02
     0.7869E-03
     0.5223E-03
     0.2353E-03
    -0.6867E-04
    -0.3838E-03
    -0.7039E-03
    -0.1022E-02
    -0.1329E-02
    -0.1616E-02
    -0.1868E-02
    -0.2069E-02
    -0.3939E-02
    -0.1813E-03
    -0.1441E-02
    -0.1481E-02
    -0.1492E-02
    -0.1462E-02
    -0.1385E-02
    -0.1261E-02
    -0.1093E-02
    -0.8873E-03
    -0.6512E-03
    -0.3928E-03
    -0.1207E-03
     0.1569E-03
     0.4317E-03
     0.6960E-03
     0.9426E-03
     0.1165E-02
     0.1357E-02
     0.1515E-02
     0.1633E-02
     0.1710E-02
     0.1742E-02
     0.1730E-02
     0.1674E-02
     0.1574E-02
     0.1434E-02
     0.1256E-02
     0.1044E-02
     0.8038E-03
     0.5394E-03
     0.2563E-03
    -0.3989E-04
    -0.3434E-03
    -0.6475E-03
    -0.9442E-03
    -0.1224E-02
    -0.1473E-02
    -0.1675E-02
    -0.3468E-02
    -0.7339E-03
    -0.1902E-02
    -0.1942E-02
    -0.1948E-02
    -0.1906E-02
    -0.1813E-02
    -0.1669E-02
    -0.1479E-02
    -0.1247E-02
    -0.9835E-03
    -0.6955E-03
    -0.3921E-03
    -0.8191E-04
     0.2267E-03
     0.5258E-03
     0.8080E-03
     0.1067E-02
     0.1296E-02
     0.1490E-02
     0.1645E-02
     0.1758E-02
     0.1827E-02
     0.1850E-02
     0.1827E-02
     0.1761E-02
     0.1652E-02
     0.1505E-02
     0.1323E-02
     0.1110E-02
     0.8711E-03
     0.6120E-03
     0.3376E-03
     0.5347E-04
    -0.2341E-03
    -0.5179E-03
    -0.7884E-03
    -0.1033E-02
    -0.1236E-02
    -0.2940E-02
    -0.1333E-02
    -0.2400E-02
    -0.2440E-02
    -0.2439E-02
    -0.2386E-02
    -0.2276E-02
    -0.2111E-02
    -0.1896E-02
    -0.1638E-02
    -0.1345E-02
    -0.1026E-02
    -0.6893E-03
    -0.3447E-03
    -0.3194E-06
     0.3358E-03
     0.6560E-03
     0.9534E-03
     0.1222E-02
     0.1456E-02
     0.1651E-02
     0.1804E-02
     0.1912E-02
     0.1973E-02
     0.1989E-02
     0.1959E-02
     0.1886E-02
     0.1773E-02
     0.1624E-02
     0.1442E-02
     0.1232E-02
     0.1000E-02
     0.7507E-03
     0.4889E-03
     0.2205E-03
    -0.4786E-04
    -0.3074E-03
    -0.5463E-03
    -0.7485E-03
    -0.2353E-02
    -0.1981E-02
    -0.2938E-02
    -0.2977E-02
    -0.2969E-02
    -0.2902E-02
    -0.2775E-02
    -0.2588E-02
    -0.2347E-02
    -0.2061E-02
    -0.1737E-02
    -0.1385E-02
    -0.1014E-02
    -0.6332E-03
    -0.2509E-03
     0.1244E-03
     0.4852E-03
     0.8242E-03
     0.1135E-02
     0.1412E-02
     0.1650E-02
     0.1846E-02
     0.1997E-02
     0.2102E-02
     0.2159E-02
     0.2170E-02
     0.2137E-02
     0.2062E-02
     0.1948E-02
     0.1801E-02
     0.1625E-02
     0.1423E-02
     0.1202E-02
     0.9655E-03
     0.7191E-03
     0.4688E-03
     0.2224E-03
    -0.9004E-05
    -0.2099E-03
    -0.1702E-02
    -0.2681E-02
    -0.3516E-02
    -0.3555E-02
    -0.3538E-02
    -0.3458E-02
    -0.3311E-02
    -0.3101E-02
    -0.2834E-02
    -0.2518E-02
    -0.2162E-02
    -0.1776E-02
    -0.1369E-02
    -0.9495E-03
    -0.5271E-03
    -0.1100E-03
     0.2940E-03
     0.6775E-03
     0.1034E-02
     0.1357E-02
     0.1642E-02
     0.1885E-02
     0.2083E-02
     0.2234E-02
     0.2338E-02
     0.2394E-02
     0.2404E-02
     0.2371E-02
     0.2299E-02
     0.2190E-02
     0.2050E-02
     0.1883E-02
     0.1694E-02
     0.1486E-02
     0.1265E-02
     0.1035E-02
     0.8044E-03
     0.5824E-03
     0.3839E-03
    -0.9814E-03
    -0.3436E-02
    -0.4137E-02
    -0.4175E-02
    -0.4150E-02
    -0.4055E-02
    -0.3888E-02
    -0.3654E-02
    -0.3359E-02
    -0.3012E-02
    -0.2622E-02
    -0.2200E-02
    -0.1755E-02
    -0.1296E-02
    -0.8310E-03
    -0.3696E-03
     0.8039E-04
     0.5115E-03
     0.9168E-03
     0.1290E-02
     0.1626E-02
     0.1920E-02
     0.2169E-02
     0.2371E-02
     0.2525E-02
     0.2631E-02
     0.2689E-02
     0.2704E-02
     0.2676E-02
     0.2611E-02
     0.2512E-02
     0.2383E-02
     0.2229E-02
     0.2054E-02
     0.1861E-02
     0.1656E-02
     0.1443E-02
     0.1232E-02
     0.1037E-02
    -0.1869E-03
    -0.4248E-02
    -0.4804E-02
    -0.4840E-02
    -0.4807E-02
    -0.4696E-02
    -0.4508E-02
    -0.4248E-02
    -0.3923E-02
    -0.3545E-02
    -0.3121E-02
    -0.2661E-02
    -0.2176E-02
    -0.1675E-02
    -0.1165E-02
    -0.6569E-03
    -0.1579E-03
     0.3241E-03
     0.7818E-03
     0.1209E-02
     0.1600E-02
     0.1949E-02
     0.2254E-02
     0.2512E-02
     0.2721E-02
     0.2882E-02
     0.2994E-02
     0.3060E-02
     0.3083E-02
     0.3065E-02
     0.3012E-02
     0.2926E-02
     0.2812E-02
     0.2673E-02
     0.2512E-02
     0.2334E-02
     0.2142E-02
     0.1945E-02
     0.1755E-02
     0.6879E-03
    -0.5121E-02
    -0.5519E-02
    -0.5553E-02
    -0.5509E-02
    -0.5382E-02
    -0.5172E-02
    -0.4885E-02
    -0.4531E-02
    -0.4119E-02
    -0.3659E-02
    -0.3161E-02
    -0.2635E-02
    -0.2089E-02
    -0.1532E-02
    -0.9745E-03
    -0.4234E-03
     0.1128E-03
     0.6268E-03
     0.1112E-02
     0.1562E-02
     0.1972E-02
     0.2338E-02
     0.2656E-02
     0.2926E-02
     0.3147E-02
     0.3318E-02
     0.3442E-02
     0.3520E-02
     0.3556E-02
     0.3553E-02
     0.3515E-02
     0.3445E-02
     0.3347E-02
     0.3222E-02
     0.3074E-02
     0.2907E-02
     0.2725E-02
     0.2542E-02
     0.1650E-02
    -0.6058E-02
    -0.6283E-02
    -0.6315E-02
    -0.6261E-02
    -0.6116E-02
    -0.5883E-02
    -0.5569E-02
    -0.5184E-02
    -0.4739E-02
    -0.4242E-02
    -0.3704E-02
    -0.3134E-02
    -0.2542E-02
    -0.1936E-02
    -0.1325E-02
    -0.7192E-03
    -0.1251E-03
     0.4491E-03
     0.9964E-03
     0.1510E-02
     0.1986E-02
     0.2418E-02
     0.2803E-02
     0.3140E-02
     0.3426E-02
     0.3663E-02
     0.3850E-02
     0.3990E-02
     0.4085E-02
     0.4138E-02
     0.4154E-02
     0.4133E-02
     0.4080E-02
     0.3996E-02
     0.3883E-02
     0.3743E-02
     0.3580E-02
     0.3406E-02
     0.2707E-02
    -0.7061E-02
    -0.7100E-02
    -0.7130E-02
    -0.7064E-02
    -0.6900E-02
    -0.6644E-02
    -0.6302E-02
    -0.5886E-02
    -0.5406E-02
    -0.4871E-02
    -0.4292E-02
    -0.3677E-02
    -0.3036E-02
    -0.2379E-02
    -0.1713E-02
    -0.1049E-02
    -0.3929E-03
     0.2458E-03
     0.8600E-03
     0.1443E-02
     0.1989E-02
     0.2493E-02
     0.2952E-02
     0.3362E-02
     0.3721E-02
     0.4029E-02
     0.4287E-02
     0.4495E-02
     0.4656E-02
     0.4772E-02
     0.4846E-02
     0.4881E-02
     0.4878E-02
     0.4839E-02
     0.4765E-02
     0.4656E-02
     0.4516E-02
     0.4352E-02
     0.3867E-02
    -0.8135E-02
    -0.7972E-02
    -0.7998E-02
    -0.7920E-02
    -0.7738E-02
    -0.7457E-02
    -0.7087E-02
    -0.6640E-02
    -0.6125E-02
    -0.5551E-02
    -0.4929E-02
    -0.4269E-02
    -0.3578E-02
    -0.2866E-02
    -0.2142E-02
    -0.1415E-02
    -0.6942E-03
     0.1336E-04
     0.6995E-03
     0.1357E-02
     0.1980E-02
     0.2563E-02
     0.3101E-02
     0.3591E-02
     0.4030E-02
     0.4418E-02
     0.4754E-02
     0.5038E-02
     0.5272E-02
     0.5457E-02
     0.5597E-02
     0.5693E-02
     0.5746E-02
     0.5758E-02
     0.5727E-02
     0.5654E-02
     0.5540E-02
     0.5389E-02
     0.5140E-02
    -0.9282E-02
    -0.8900E-02
    -0.8923E-02
    -0.8832E-02
    -0.8630E-02
    -0.8325E-02
    -0.7928E-02
    -0.7449E-02
    -0.6898E-02
    -0.6286E-02
    -0.5621E-02
    -0.4912E-02
    -0.4169E-02
    -0.3401E-02
    -0.2616E-02
    -0.1824E-02
    -0.1033E-02
    -0.2522E-03
     0.5110E-03
     0.1249E-02
     0.1955E-02
     0.2623E-02
     0.3248E-02
     0.3826E-02
     0.4354E-02
     0.4830E-02
     0.5252E-02
     0.5620E-02
     0.5936E-02
     0.6199E-02
     0.6412E-02
     0.6576E-02
     0.6692E-02
     0.6759E-02
     0.6777E-02
     0.6744E-02
     0.6659E-02
     0.6525E-02
     0.6537E-02
    -0.1050E-01
    -0.9887E-02
    -0.9905E-02
    -0.9802E-02
    -0.9580E-02
    -0.9252E-02
    -0.8827E-02
    -0.8317E-02
    -0.7732E-02
    -0.7080E-02
    -0.6371E-02
    -0.5614E-02
    -0.4817E-02
    -0.3990E-02
    -0.3141E-02
    -0.2280E-02
    -0.1415E-02
    -0.5557E-03
     0.2903E-03
     0.1115E-02
     0.1911E-02
     0.2672E-02
     0.3392E-02
     0.4067E-02
     0.4692E-02
     0.5265E-02
     0.5783E-02
     0.6245E-02
     0.6652E-02
     0.7002E-02
     0.7296E-02
     0.7536E-02
     0.7721E-02
     0.7851E-02
     0.7923E-02
     0.7935E-02
     0.7884E-02
     0.7768E-02
     0.8068E-02
    -0.1180E-01
    -0.1093E-01
    -0.1095E-01
    -0.1083E-01
    -0.1059E-01
    -0.1024E-01
    -0.9789E-02
    -0.9249E-02
    -0.8630E-02
    -0.7939E-02
    -0.7185E-02
    -0.6378E-02
    -0.5526E-02
    -0.4637E-02
    -0.3721E-02
    -0.2788E-02
    -0.1845E-02
    -0.9023E-03
     0.3215E-04
     0.9500E-03
     0.1844E-02
     0.2706E-02
     0.3530E-02
     0.4311E-02
     0.5044E-02
     0.5724E-02
     0.6349E-02
     0.6916E-02
     0.7424E-02
     0.7871E-02
     0.8257E-02
     0.8581E-02
     0.8844E-02
     0.9042E-02
     0.9174E-02
     0.9236E-02
     0.9223E-02
     0.9130E-02
     0.9748E-02
    -0.1318E-01
    -0.1204E-01
    -0.1205E-01
    -0.1192E-01
    -0.1166E-01
    -0.1129E-01
    -0.1082E-01
    -0.1025E-01
    -0.9597E-02
    -0.8867E-02
    -0.8069E-02
    -0.7211E-02
    -0.6302E-02
    -0.5350E-02
    -0.4365E-02
    -0.3355E-02
    -0.2330E-02
    -0.1298E-02
    -0.2693E-03
     0.7488E-03
     0.1748E-02
     0.2720E-02
     0.3658E-02
     0.4556E-02
     0.5407E-02
     0.6207E-02
     0.6951E-02
     0.7635E-02
     0.8256E-02
     0.8812E-02
     0.9301E-02
     0.9721E-02
     0.1007E-01
     0.1034E-01
     0.1054E-01
     0.1066E-01
     0.1069E-01
     0.1062E-01
     0.1159E-01
    -0.1464E-01
    -0.1321E-01
    -0.1321E-01
    -0.1307E-01
    -0.1280E-01
    -0.1241E-01
    -0.1192E-01
    -0.1132E-01
    -0.1064E-01
    -0.9871E-02
    -0.9028E-02
    -0.8119E-02
    -0.7152E-02
    -0.6135E-02
    -0.5078E-02
    -0.3988E-02
    -0.2877E-02
    -0.1751E-02
    -0.6211E-03
     0.5048E-03
     0.1618E-02
     0.2710E-02
     0.3772E-02
     0.4798E-02
     0.5781E-02
     0.6713E-02
     0.7589E-02
     0.8404E-02
     0.9154E-02
     0.9832E-02
     0.1044E-01
     0.1096E-01
     0.1141E-01
     0.1177E-01
     0.1204E-01
     0.1221E-01
     0.1229E-01
     0.1225E-01
     0.1361E-01
    -0.1619E-01
    -0.1443E-01
    -0.1443E-01
    -0.1428E-01
    -0.1401E-01
    -0.1361E-01
    -0.1310E-01
    -0.1248E-01
    -0.1176E-01
    -0.1096E-01
    -0.1007E-01
    -0.9110E-02
    -0.8084E-02
    -0.7000E-02
    -0.5868E-02
    -0.4696E-02
    -0.3494E-02
    -0.2269E-02
    -0.1031E-02
     0.2102E-03
     0.1446E-02
     0.2668E-02
     0.3867E-02
     0.5034E-02
     0.6162E-02
     0.7242E-02
     0.8266E-02
     0.9228E-02
     0.1012E-01
     0.1094E-01
     0.1167E-01
     0.1232E-01
     0.1288E-01
     0.1333E-01
     0.1368E-01
     0.1391E-01
     0.1404E-01
     0.1403E-01
     0.1582E-01
    -0.1781E-01
    -0.1570E-01
    -0.1570E-01
    -0.1556E-01
    -0.1529E-01
    -0.1489E-01
    -0.1436E-01
    -0.1372E-01
    -0.1298E-01
    -0.1213E-01
    -0.1120E-01
    -0.1019E-01
    -0.9106E-02
    -0.7955E-02
    -0.6746E-02
    -0.5488E-02
    -0.4190E-02
    -0.2861E-02
    -0.1509E-02
    -0.1438E-03
     0.1225E-02
     0.2588E-02
     0.3936E-02
     0.5259E-02
     0.6547E-02
     0.7791E-02
     0.8981E-02
     0.1011E-01
     0.1116E-01
     0.1214E-01
     0.1302E-01
     0.1381E-01
     0.1449E-01
     0.1505E-01
     0.1548E-01
     0.1578E-01
     0.1594E-01
     0.1597E-01
     0.1824E-01
    -0.1952E-01
    -0.1699E-01
    -0.1701E-01
    -0.1691E-01
    -0.1666E-01
    -0.1626E-01
    -0.1572E-01
    -0.1506E-01
    -0.1429E-01
    -0.1341E-01
    -0.1243E-01
    -0.1137E-01
    -0.1023E-01
    -0.9007E-02
    -0.7720E-02
    -0.6375E-02
    -0.4978E-02
    -0.3538E-02
    -0.2065E-02
    -0.5681E-03
     0.9438E-03
     0.2460E-02
     0.3971E-02
     0.5465E-02
     0.6931E-02
     0.8357E-02
     0.9734E-02
     0.1105E-01
     0.1229E-01
     0.1344E-01
     0.1450E-01
     0.1545E-01
     0.1627E-01
     0.1695E-01
     0.1748E-01
     0.1783E-01
     0.1802E-01
     0.1806E-01
     0.2091E-01
    -0.2137E-01
    -0.1821E-01
    -0.1836E-01
    -0.1835E-01
    -0.1813E-01
    -0.1773E-01
    -0.1718E-01
    -0.1650E-01
    -0.1570E-01
    -0.1479E-01
    -0.1377E-01
    -0.1266E-01
    -0.1146E-01
    -0.1017E-01
    -0.8803E-02
    -0.7367E-02
    -0.5868E-02
    -0.4314E-02
    -0.2713E-02
    -0.1075E-02
     0.5908E-03
     0.2273E-02
     0.3962E-02
     0.5644E-02
     0.7307E-02
     0.8938E-02
     0.1052E-01
     0.1205E-01
     0.1350E-01
     0.1486E-01
     0.1611E-01
     0.1724E-01
     0.1823E-01
     0.1906E-01
     0.1970E-01
     0.2012E-01
     0.2027E-01
     0.2020E-01
     0.2391E-01
    -0.2355E-01
    -0.1899E-01
    -0.1981E-01
    -0.1993E-01
    -0.1973E-01
    -0.1932E-01
    -0.1876E-01
    -0.1805E-01
    -0.1722E-01
    -0.1628E-01
    -0.1522E-01
    -0.1406E-01
    -0.1280E-01
    -0.1145E-01
    -0.1000E-01
    -0.8476E-02
    -0.6873E-02
    -0.5199E-02
    -0.3464E-02
    -0.1676E-02
     0.1544E-03
     0.2017E-02
     0.3899E-02
     0.5788E-02
     0.7669E-02
     0.9528E-02
     0.1135E-01
     0.1311E-01
     0.1480E-01
     0.1639E-01
     0.1787E-01
     0.1922E-01
     0.2041E-01
     0.2143E-01
     0.2222E-01
     0.2273E-01
     0.2280E-01
     0.2200E-01
     0.2749E-01
     0.0000E+00
     0.0000E+00
     0.0000E+00
     0.0000E+00
     0.0000E+00
     0.0000E+00
     0.0000E+00
     0.0000E+00
     0.0000E+00
     0.0000E+00
     0.0000E+00
     0.0000E+00
     0.0000E+00
     0.0000E+00
     0.0000E+00
     0.0000E+00
     0.0000E+00
     0.0000E+00
     0.0000E+00
     0.0000E+00
     0.0000E+00
     0.0000E+00
     0.0000E+00
     0.0000E+00
     0.0000E+00
     0.0000E+00
     0.0000E+00
     0.0000E+00
     0.0000E+00
     0.0000E+00
     0.0000E+00
     0.0000E+00
     0.0000E+00
     0.0000E+00
     0.0000E+00
     0.0000E+00
     0.0000E+00
     0.0000E+00
     0.0000E+00

